32
32
32
32
32
32
32
32
102
117
110
99
116
105
111
110
32
117
112
100
97
116
101
84
104
101
109
101
84
111
103
103
108
101
66
117
116
116
111
110
40
116
104
101
109
101
41
32
123
        function updateThemeToggleButton(theme) {
32
32
32
32
32
32
32
32
32
32
32
32
99
111
110
115
116
32
116
104
101
109
101
84
111
103
103
108
101
32
61
32
100
111
99
117
109
101
110
116
46
103
101
116
69
108
101
109
101
110
116
66
121
73
100
40
39
116
104
101
109
101
45
116
111
103
103
108
101
39
41
59
            const themeToggle = document.getElementById('theme-toggle');
32
32
32
32
32
32
32
32
32
32
32
32
105
102
32
40
116
104
101
109
101
32
61
61
61
32
39
100
97
114
107
39
41
32
123
            if (theme === 'dark') {
                themeToggle.textContent = '🌞';
32
32
32
32
32
32
32
32
32
32
32
32
32
32
32
32
116
104
101
109
101
84
111
103
103
108
101
46
116
105
116
108
101
32
61
32
39
83
119
105
116
99
104
32
116
111
32
76
105
103
104
116
32
77
111
100
101
39
59
                themeToggle.title = 'Switch to Light Mode';
32
32
32
32
32
32
32
32
32
32
32
32
125
32
101
108
115
101
32
123
            } else {
                themeToggle.textContent = '🌙';
32
32
32
32
32
32
32
32
32
32
32
32
32
32
32
32
116
104
101
109
101
84
111
103
103
108
101
46
116
105
116
108
101
32
61
32
39
83
119
105
116
99
104
32
116
111
32
68
97
114
107
32
77
111
100
101
39
59
                themeToggle.title = 'Switch to Dark Mode';
32
32
32
32
32
32
32
32
32
32
32
32
125
            }
32
32
32
32
32
32
32
32
125
        }
